addr	size
257	10
267	4
271	2
281	6
287	2
293	6
299	2
305	18
323	20
343	4
347	2
353	14
367	6
373	18
391	8
399	2
405	14
419	10
429	6
435	2
437	8
445	4
455	26
469	12
481	10
491	14
497	8
505	22
527	8
529	6
535	12
547	4
551	8
553	6
559	10
569	18
587	4
591	12
599	4
603	12
607	8
615	4
619	6
625	4
629	14
643	2
645	16
651	10
661	6
667	20
687	6
693	20
713	2
715	22
737	10
747	22
769	10
779	10
789	4
793	6
799	28
821	6
827	20
837	10
847	34
863	18
865	16
881	4
885	18
903	14
917	4
921	6
927	12
939	2
945	8
957	6
963	2
965	28
993	12
1005	10
1015	2
1029	12
1041	18
1057	2
1059	2
1069	36
1105	8
1113	2
1115	12
1123	4
1127	32
1131	28
1159	6
1165	8
1173	6
1179	2
1181	38
1187	32
1219	6
1229	78
1307	2
1313	34
1347	8
1355	2
1357	28
1365	20
1367	18
1385	26
1395	16
1411	4
1415	2
1421	34
1455	8
1463	20
1471	12
1483	4
1491	4
1495	8
1497	6
1503	22
1509	16
1525	6
1531	6
1537	18
1545	10
1547	8
1555	4
1559	8
1567	6
1573	6
1579	46
1625	6
1631	12
1637	6
1643	4
1647	4
1651	8
1659	10
1665	4
1669	2
1671	8
1679	4
1683	2
1685	8
1693	8
1701	10
1711	2
1717	20
1741	16
1757	2
1759	2
1761	4
1765	38
1805	4
1809	8
1817	6
1823	22
1841	4
1853	38
1891	2
1901	56
1957	4
1961	12
1973	26
1999	20
2025	24
2049	6
2055	2
2057	6
2063	18
2079	2
2085	22
2107	2
2113	44
2161	52
2213	4
2217	4
2221	4
2233	50
2283	2
2289	8
2297	8
2305	8
2313	4
2317	8
2325	4
2327	2
2333	20
2353	14
2367	18
2401	8
2413	18
2419	12
2431	2
2437	22
2459	8
2467	6
2473	12
2497	24
2529	34
2563	2
2569	24
2589	4
2593	4
2597	2
2599	6
2605	4
2609	6
2615	8
2623	22
2645	6
2651	10
2653	8
2661	12
2665	8
2677	18
2695	2
2701	14
2715	2
2721	12
2733	4
2741	12
2753	6
2759	16
2763	12
2775	2
2777	12
2797	26
2823	4
2827	8
2831	4
2835	12
2847	16
2859	4
2863	18
2869	12
2881	4
2885	4
2889	10
2899	4
2903	20
2923	2
2925	6
2931	6
2937	6
2943	4
2947	6
2953	6
2959	12
2971	6
2977	12
2989	30
2997	22
3019	10
3023	6
3029	12
3041	6
3047	12
3059	10
3069	12
3081	6
3087	12
3099	6
3105	6
3111	8
3119	12
3131	6
3157	8
3165	4
3173	16
3197	22
3219	4
3223	2
3233	20
3253	8
3261	6
3267	22
3275	14
3297	2
3299	10
3309	2
3311	2
3317	24
3341	12
3365	30
3395	4
3399	12
3411	4
3415	2
3433	30
3463	6
3469	10
3479	6
3485	14
3499	6
3505	6
3511	4
3515	10
3525	4
3529	16
3545	4
3549	6
3553	2
3555	6
3573	26
3599	4
3603	12
3615	6
3625	56
3681	8
3689	4
3701	30
3731	16
3747	16
3763	50
3813	4
3821	2
3823	4
3827	2
3829	8
3837	4
3841	2
3843	2
3849	26
3863	12
3875	6
3881	14
3895	6
3901	4
3905	16
3921	4
3925	4
3929	6
3935	32
3947	20
3955	12
3967	8
3975	4
3979	2
3981	12
3989	4
3993	18
4011	2
4013	6
4019	8
4027	8
4035	22
4057	8
4065	2
4067	12
4079	2
4101	8
4109	2
4111	6
4117	6
4123	4
4125	2
4127	6
4141	10
4151	10
4161	10
4171	4
4175	2
4181	22
4203	10
4213	8
4221	6
4223	4
4227	14
4241	34
4251	24
4275	6
4281	12
4293	4
4297	10
4299	8
4307	14
4321	6
4327	12
4329	10
4339	6
4345	10
4355	2
4357	6
4363	12
4375	4
4379	6
4385	8
4393	6
4399	6
4405	6
4411	6
4417	4
4423	2
4437	8
4445	8
4453	4
4457	8
4465	6
4471	10
4481	10
4491	4
4493	2
4495	6
4509	8
4517	4
4521	2
4523	10
4525	8
4533	14
4543	4
4547	6
4553	6
4559	2
4561	8
4563	6
4569	4
4573	4
4585	48
4633	2
4635	4
4639	2
4641	2
4643	4
4647	10
4651	6
4657	6
4663	4
4667	8
4675	6
4681	6
4687	6
4689	4
4693	14
4703	4
4707	8
4715	4
4719	52
4721	50
4767	4
4771	4
4775	4
4779	4
4783	4
4787	16
4803	6
4809	14
4823	8
4831	8
4839	6
4845	10
4855	2
4857	28
4885	6
4891	6
4897	36
4933	6
4939	2
4941	20
4961	2
4963	8
4981	12
4993	10
5003	6
5013	30
5039	4
5043	8
5045	6
5051	18
5069	20
5089	4
5129	8
5133	4
5137	6
5143	8
5147	4
5151	4
5155	6
5161	6
5167	8
5175	4
5179	8
5187	10
5189	8
5197	14
5211	8
5215	4
5219	4
5223	36
5229	30
5259	42
5301	6
5307	12
5311	8
5319	8
5327	8
5335	16
5347	4
5351	6
5357	6
5363	6
5369	8
5373	4
5377	6
5383	6
5389	6
5395	6
5401	6
5407	6
5413	6
5419	6
5433	14
5447	6
5453	24
5477	4
5481	12
5493	4
5497	26
5523	8
5531	6
5537	14
5551	10
5561	10
5571	72
5593	50
5639	4
5643	6
5653	14
5667	6
5673	6
5679	8
5681	6
5687	2
5689	6
5695	4
5699	8
5707	2
5709	10
5719	20
5739	2
5741	10
5751	20
5771	4
5775	44
5819	34
5837	16
5857	30
5871	16
5887	34
5929	34
5963	26
5983	6
6001	2
6003	26
6013	16
6029	46
6073	2
6075	2
6093	30
6123	14
6137	10
6145	2
6147	2
6161	20
6181	6
6187	8
6195	16
6211	18
6229	28
6257	60
6281	36
6317	4
6321	20
6341	6
6347	8
6349	6
6355	10
6365	6
6371	12
6375	8
6383	8
6391	24
6401	14
6415	28
6419	24
6443	2
6465	68
6533	6
6539	28
6567	6
6573	6
6579	2
6609	14
6623	6
6629	26
6647	8
6655	22
6661	16
6677	8
6685	6
6691	14
6705	26
6731	14
6739	6
6745	46
6791	10
6801	2
6803	2
6821	10
6831	16
6843	4
6847	16
6863	30
6871	22
6893	4
6897	4
6913	6
6919	8
6927	2
6933	12
6945	8
6953	6
6959	4
6963	2
6969	10
6971	8
6979	2
6985	14
6999	162
7157	4
7161	2
7163	12
7171	4
7175	2
7177	12
7185	4
7189	2
7191	34
7221	4
7225	2
7227	22
7237	12
7249	32
7281	6
7287	28
7303	12
7315	8
7323	18
7341	8
7349	8
7357	10
7367	26
7389	4
7393	2
7395	2
7429	6
7431	4
7435	30
7457	8
7465	10
7475	6
7481	6
7485	2
7487	4
7491	2
7501	10
7511	22
7515	18
7525	8
7533	10
7543	6
7549	4
7551	2
7553	4
7565	8
7577	6
7583	4
7587	4
7591	40
7615	16
7629	2
7631	4
7635	10
7645	2
7647	6
7653	4
7657	2
7659	26
7685	10
7695	4
7699	6
7705	4
7709	2
7711	14
7725	8
7733	4
7737	4
7741	4
7745	8
7753	14
7767	2
7773	6
7779	10
7789	4
7805	8
7813	6
7819	2
7821	4
7825	12
7841	4
7845	4
7849	2
7851	16
7867	8
7875	2
7877	6
7883	42
7885	40
7901	24
7925	10
7935	8
7943	8
7951	6
7957	8
7965	8
7973	12
7985	8
7993	6
7999	6
8009	12
8021	22
8043	6
8049	10
8059	22
8081	10
8089	2
8091	18
8113	12
8125	10
8135	6
8145	16
8165	8
8173	14
8187	18
8205	4
8209	12
8221	2
8223	2
8229	6
8235	12
8247	2
8253	6
8259	14
8277	6
8283	14
8301	12
8313	8
8321	20
8341	18
8359	2
8365	6
8371	12
8383	28
8401	10
8411	8
8419	6
8425	16
8441	2
8443	2
8453	16
8465	4
8469	8
8477	16
8491	2
8493	18
8511	18
8529	10
8535	4
8539	2
8545	10
8555	16
8571	6
8577	6
8583	2
8585	6
8591	18
8603	6
8609	14
8623	28
8647	4
8651	4
8655	2
8673	14
8687	8
8695	6
8701	2
8703	6
8709	2
8711	30
8741	26
8763	4
8767	10
8777	2
8779	2
8781	4
8785	24
8809	4
8813	14
8827	34
8835	26
8857	4
8861	8
8863	6
8869	76
8945	10
8955	4
8959	10
8969	4
8973	4
8977	10
8987	6
8993	34
8997	30
9027	2
9045	20
9065	4
9069	6
9075	2
9077	6
9083	2
9085	16
9101	6
9107	26
9133	16
9145	4
9149	6
9155	2
9157	8
9159	6
9165	44
9209	76
9281	4
9297	8
9309	10
9319	2
9321	6
9327	16
9341	2
9343	4
9347	2
9361	12
9373	12
9385	10
9391	4
9395	18
9413	12
9423	2
9425	24
9449	4
9465	14
9479	2
9485	6
9491	2
9497	6
9503	2
9509	34
9543	2
9545	6
9551	4
9555	6
9561	34
9595	16
9607	4
9611	6
9617	16
9633	4
9637	8
9645	26
9659	12
9671	4
9675	4
9679	2
9685	30
9715	4
9719	18
9737	38
9749	26
9775	10
9785	12
9797	10
9807	4
9811	10
9815	6
9817	4
9821	6
9827	6
9833	14
9839	8
9847	22
9869	42
9911	26
9937	10
9947	8
9955	18
9973	8
9981	8
9989	8
9997	14
10011	4
10015	8
10023	8
10029	2
10031	8
10039	2
10041	10
10051	4
10055	6
10061	4
10065	46
10111	2
10129	8
10141	14
10155	64
10207	12
10219	6
10245	24
10269	18
10287	6
10293	18
10307	4
10311	2
10313	4
10317	6
10323	4
10327	4
10331	2
10337	20
10357	4
10361	4
10365	6
10371	10
10381	4
10385	8
10389	4
10393	4
10397	4
10401	14
10415	48
10463	8
10471	16
10487	8
10495	4
10499	4
10503	8
10511	2
10533	14
10547	2
10557	60
10617	30
10647	2
10669	8
10677	56
10733	4
10737	12
10749	4
10753	20
10773	6
10779	8
10787	4
10791	32
10823	16
10839	6
10845	10
10855	2
10861	12
10889	22
10911	2
10913	8
10921	12
10933	22
10955	2
10961	20
10981	18
10999	6
11005	14
11019	12
11031	2
11037	66
11103	12
11115	10
11125	38
11163	10
11173	12
11175	10
11189	14
11203	2
11205	6
11207	4
11211	6
11217	4
11221	6
11227	4
11231	6
11237	6
11239	4
11243	2
11249	14
11263	10
11273	18
11291	2
11297	12
11309	4
11313	4
11317	24
11339	2
11341	10
11351	12
11363	4
11367	18
11377	8
11385	4
11389	4
11393	4
11401	22
11423	8
11431	6
11433	4
11437	6
11443	20
11455	8
11463	8
11471	10
11481	10
11491	2
11493	4
11497	6
11503	8
11511	10
11521	6
11525	2
11527	6
11533	8
11541	10
11551	6
11557	8
11565	8
11573	6
11579	20
11599	12
11611	2
11621	14
11635	10
11645	26
11669	2
11671	10
11681	12
11693	4
11697	26
11707	16
11723	4
11727	4
11731	2
11737	40
11777	12
11789	14
11803	10
11825	2
11827	6
11833	10
11843	4
11847	10
11861	22
11883	10
11893	10
11903	12
11915	2
11921	4
11925	6
11931	10
11941	4
11945	10
11955	2
11961	34
11995	2
12001	32
12033	28
12061	4
12065	12
12081	32
12113	26
12137	2
12139	10
12149	12
12161	4
12165	16
12175	6
12181	10
12191	4
12195	4
12199	6
12205	14
12219	4
12223	4
12227	8
12235	4
12239	28
12241	26
12267	14
12281	16
12297	4
12301	14
12315	4
12319	8
12327	2
12341	14
12355	8
12363	6
12367	2
12369	4
12373	22
12395	2
12401	6
12407	2
12413	18
12431	2
12445	6
12451	6
12457	12
12469	6
12475	14
12483	6
12489	4
12505	24
12529	12
12541	2
12543	20
12563	2
12585	28
12613	4
12617	10
12627	14
12641	6
12647	4
12651	6
12657	6
12663	4
12667	10
12681	14
12695	14
12733	6
12739	4
12743	4
12747	2
12753	4
12757	8
12765	4
12769	34
12787	16
12803	2
12809	10
12819	4
12823	6
12827	2
12829	4
12833	4
12837	20
12857	10
12867	2
12873	20
12893	24
12917	34
12951	30
12955	26
12975	6
12981	10
12991	4
12995	14
13009	16
13025	30
13049	6
13055	4
13059	6
13065	4
13069	6
13075	10
13083	2
13085	14
13099	6
13117	58
13175	16
13191	12
13203	18
13221	12
13233	34
13267	24
13271	20
13291	6
13297	16
13313	12
13325	20
13345	24
13373	6
13379	2
13385	20
13405	10
13415	2
13421	22
13443	10
13445	8
13453	4
13457	14
13461	10
13463	8
13471	6
13477	4
13481	10
13491	12
13497	6
13503	8
13511	4
13533	8
13541	4
13545	12
13557	20
13577	16
13581	12
13593	2
13595	10
13599	6
13605	6
13611	6
13617	6
13623	8
13631	6
13637	8
13645	12
13657	4
13661	8
13669	6
13675	4
13679	2
13681	4
13685	4
13689	4
13693	28
13721	4
13725	20
13739	6
13745	10
13751	4
13755	14
13769	4
13773	4
13777	2
13779	16
13795	16
13811	6
13817	4
13821	10
13831	4
13873	16
13889	32
13921	4
13925	8
13933	4
13937	6
13939	4
13943	8
13951	4
13955	10
13965	4
13969	24
13981	12
13985	8
13993	6
13999	6
14005	24
14019	10
14029	22
14039	12
14045	6
14051	10
14061	14
14075	6
14081	8
14089	6
14095	10
14101	4
14105	12
14117	4
14121	20
14141	6
14147	6
14153	4
14157	28
14167	18
14185	16
14195	6
14201	34
14229	6
14235	12
14247	4
14251	14
14259	6
14265	6
14271	8
14275	4
14279	4
14283	4
14287	14
14297	4
14301	10
14311	4
14315	10
14325	8
14333	6
14339	4
14343	6
14349	12
14361	14
14375	12
14381	6
14387	10
14397	4
14401	10
14405	6
14411	6
14425	12
14437	6
14443	10
14449	4
14453	10
14461	2
14463	8
14471	6
14477	2
14479	12
14481	10
14483	8
14491	4
14493	2
14495	16
14505	6
14511	4
14515	10
14521	4
14525	4
14529	2
14531	8
14539	26
14565	8
14573	8
14581	2
14583	12
14595	4
14599	2
14601	8
14609	10
14619	8
14627	2
14629	2
14631	10
14641	8
14649	28
14677	22
14697	2
14699	20
14719	64
14783	58
14841	4
14845	16
14861	10
14871	8
14879	12
14891	4
14895	12
14907	4
14911	12
14923	4
14927	6
14933	2
14935	6
14939	2
14941	6
14947	4
14951	6
14957	2
14959	20
14979	4
14983	16
14999	4
15003	26
15029	8
15037	2
15039	4
15043	4
15047	8
15055	6
15059	2
15061	6
15067	10
15077	4
15081	30
15111	16
15123	4
15127	4
15131	24
15155	2
15157	4
15161	4
15173	8
15181	6
15185	2
15187	8
15195	2
15197	6
15203	14
15217	14
15231	10
15241	4
15245	10
15255	4
15259	4
15263	6
15269	6
15275	26
15301	2
15303	4
15307	8
15311	4
15315	8
15323	6
15329	8
15337	8
15347	12
15359	26
15385	18
15403	12
15415	4
15419	6
15425	14
15439	4
15443	4
15447	6
15453	4
15457	18
15475	34
15509	4
15513	14
15525	2
15527	26
15553	4
15557	6
15563	40
15603	22
15625	4
15627	2
15629	26
15655	10
15665	4
15669	18
15687	6
15693	6
15699	6
15705	14
15719	24
15743	12
15755	12
15767	26
15793	8
15801	4
15805	10
15815	8
15817	6
15823	10
15833	6
15835	4
15839	4
15843	10
15853	4
15857	8
15865	4
15869	6
15873	2
15875	18
15879	14
15893	6
15897	2
15899	6
15905	4
15909	4
15913	14
15927	12
15939	22
15961	6
15967	10
15977	6
15983	12
15995	4
15997	2
15999	12
16011	6
16017	20
16037	28
16051	14
16059	6
16065	20
16085	24
16091	18
16109	24
16133	2
16135	4
16139	20
16159	4
16163	18
16181	84
16265	4
16267	2
16269	8
16273	4
16277	8
16281	4
16285	8
16289	4
16293	16
16297	12
16309	24
16333	6
16339	12
16351	2
16353	6
16359	2
16361	6
16367	32
16399	12
16411	4
16415	4
16419	4
16423	6
16429	4
16433	2
16435	4
16439	2
16441	2
16443	2
16445	20
16463	2
16465	16
16479	2
16481	6
16487	8
16495	14
16497	12
16509	4
16513	4
16517	18
16535	4
16539	4
16543	2
16545	20
16549	16
16565	2
16567	12
16579	4
16583	16
16599	6
16605	14
16619	10
16629	10
16639	8
16647	12
16659	6
16665	6
16667	4
16671	12
16683	4
16687	12
16697	2
16699	20
16719	10
16729	10
16739	22
16761	10
16771	10
16781	26
16807	4
16811	4
16815	4
16819	12
16823	8
16831	10
16841	6
16847	8
16855	22
16877	2
16879	6
16885	8
16893	12
16905	4
16909	20
16929	24
16953	2
16955	6
16961	10
16971	6
16977	20
16997	4
17001	12
17003	10
17013	6
17019	6
17025	2
17027	12
17033	6
17039	8
17047	4
17051	22
17067	6
17073	4
17077	86
17163	14
17177	24
17189	12
17201	2
17203	22
17215	10
17225	10
17235	2
17237	14
17239	12
17251	2
17253	8
17257	4
17261	2
17263	6
17269	6
